1 100 2 200 3 300 4 400 5 500 6 600 7 700 8 800 9 900
2 200 3 300 4 400 5 500 6 600 7 700 8 800 9 900
3 300 4 400 5 500 6 600 7 700 8 800 9 900
4 400 5 500 6 600 7 700 8 800 9 900
5 500 6 600 7 700 8 800 9 900
6 600 7 700 8 800 9 900
7 700 8 800 9 900
8 800 9 900
9 900

0 150 1 250 2 350 3 450 4 550 5 650 6 750 7 850 8 950 9 1050
0 400 1 200 2 200 3 400 4 600 5 800 6 100 7 100 8 200 9 200 10 150
0 1 1 1 2 1 3 1 4 1 5 1 6 1 7 1 8 1 9 1 10 1 11 1
0 1 1 1 2 1 3 12 4 21 5 21 6 1 7 2 8 1 9 1 10 1 11 1 12 3
